[LeonardTopno.jpg]
filters=crop64=1,6404039fa5b39507;Vignette=1,16.374269,1.029240,0.000000,00000000;
crop=rect64(6404039fa5b39507)
moddate=00007ed895d98a06
width=1633
height=919
textactive=0
[Leonard-Topno-2.jpg]
filters=crop64=1,7fe010e3b8df874b;Vignette=1,34.210526,1.128655,0.000000,00000000;
crop=rect64(7fe010e3b8df874b)
moddate=0000d8da95d987fb
width=2048
height=1228
textactive=0
[leonard-and-abhi-engagement.jpg]
filters=Vignette=1,17.251461,1.093567,0.000000,00000000;
moddate=00002bdd95d97128
width=1440
height=810
textactive=0
